   0.000000e+00	   0.000000e+00
   1.447470e-07	   6.475535e-08
   7.285601e-07	   7.824755e-07
   6.185970e-07	   5.630114e-09
   2.004792e-07	   5.776149e-08
   4.911511e-07	   1.026618e-06
   4.418987e-07	   7.643486e-07
   3.645956e-07	   4.762392e-07
   2.903324e-07	   2.496641e-07
   1.541772e-07	   1.718562e-07
   7.904629e-07	   3.299046e-07
   3.261058e-07	   8.107543e-07
   7.061829e-07	   5.836166e-07
   8.315855e-07	   8.527913e-07
   7.212029e-07	   5.872524e-07
   3.942848e-07	   1.265500e-07
   9.879347e-07	   8.481458e-08
   2.871140e-07	   3.189184e-07
   5.471185e-07	   3.746018e-07
   6.711566e-07	   1.532763e-07
   6.802952e-07	   4.180363e-07
   5.959691e-07	   6.065931e-08
   4.399809e-07	   3.864991e-07
   2.345022e-07	   4.741752e-07
   2.074677e-09	   2.385254e-07
   8.828457e-07	   4.054660e-07
   6.655959e-07	   4.254635e-07
   4.912467e-07	   9.371728e-08
   3.838252e-07	   4.973314e-08
   3.677310e-07	   1.768687e-07
   4.677369e-07	   6.891506e-07
   7.089888e-07	   2.858488e-07
   0.000000e+00	   0.000000e+00
   6.007111e-07	   2.523147e-07
   3.034128e-07	   5.620745e-07
   2.517535e-07	   1.256485e-07
   4.727498e-07	   5.887863e-07
   1.230352e-07	   7.512513e-07
   7.258532e-07	   5.299032e-07
   8.139370e-07	   1.582411e-07
   1.698421e-07	   8.374246e-07
   6.075554e-08	   8.398830e-08
   1.514027e-07	   8.489755e-07
   8.359486e-07	   8.166307e-07
   2.102234e-07	   9.521043e-08
   3.930457e-07	   2.644852e-07
   4.434373e-07	   6.971750e-07
   2.780606e-08	   4.650989e-09
   1.273173e-07	   3.382069e-07
   1.756776e-07	   4.999380e-07
   2.118654e-07	   4.085862e-07
   2.062859e-07	   1.693075e-08
   1.593205e-07	   2.586951e-07
   2.646757e-07	   3.844080e-08
   3.958500e-07	   3.578846e-07
   2.683995e-07	   2.045691e-08
   8.311203e-08	   6.201283e-08
   4.922241e-07	   4.024267e-07
   2.023078e-07	   1.541731e-07
   1.008595e-07	   5.443770e-07
   3.217618e-07	   1.867025e-07
   4.967755e-07	   1.906289e-07
   6.626369e-07	   4.489508e-07
   2.592471e-07	   2.050560e-07
   0.000000e+00	   0.000000e+00
   3.624490e-07	   1.301925e-07
   2.492718e-07	   4.415283e-07
   4.344728e-07	   5.213584e-07
   2.215357e-07	   3.133529e-08
   2.666711e-07	   9.083444e-09
   6.094482e-07	   3.769008e-07
   1.745147e-07	   5.797386e-08
   1.175129e-07	   2.574422e-07
   4.790528e-07	   2.985688e-07
   1.849846e-07	   2.582016e-07
   3.918202e-07	   2.129706e-07
   2.620626e-08	   2.392852e-07
   2.452256e-07	   4.133328e-07
   2.368215e-08	   3.038009e-07
   3.771283e-07	   3.934327e-07
   3.758849e-07	   3.508463e-07
   1.608544e-08	   3.561064e-07
   4.562054e-07	   5.770852e-07
   6.256475e-07	   1.186945e-07
   5.689057e-07	   1.394626e-07
   3.308039e-07	   5.253417e-07
   4.350626e-08	   8.764699e-08
   6.057932e-07	   1.331394e-07
   9.576157e-08	   2.108177e-07
   7.011414e-07	   2.189446e-07
   2.398834e-07	   2.308305e-07
   1.269686e-07	   3.195389e-07
   3.523322e-07	   5.578834e-07
   7.251519e-07	   9.553378e-08
   1.886874e-07	   4.543141e-07
   2.960592e-07	   4.464024e-07
   0.000000e+00	   0.000000e+00
   8.567774e-08	   1.572680e-07
   6.020456e-07	   2.669044e-07
   4.847959e-07	   2.299678e-07
   2.163067e-07	   1.971234e-07
   3.377621e-07	   1.697519e-07
   1.705959e-07	   2.874518e-07
   2.459397e-07	   2.261323e-07
   6.076148e-08	   5.568067e-08
   4.149141e-07	   1.542869e-07
   6.112340e-07	   3.344269e-07
   5.800528e-07	   4.156700e-07
   3.735178e-07	   3.292230e-07
   4.406640e-08	   6.570898e-09
   3.555755e-07	   4.922785e-07
   3.403328e-07	   6.054468e-07
   4.044107e-08	   2.784016e-07
   3.315158e-07	   5.563380e-07
   6.334794e-07	   2.594239e-07
   6.835929e-07	   4.332781e-07
   1.265355e-07	   1.012106e-07
   4.825865e-07	   2.979927e-07
   3.412806e-07	   2.232388e-07
   6.171501e-07	   5.717176e-08
   2.536471e-07	   4.776527e-07
   4.187658e-07	   1.390722e-07
   5.664865e-08	   3.660452e-07
   3.356711e-07	   2.955841e-07
   2.006601e-07	   3.537608e-08
   2.913102e-07	   1.829185e-07
   2.869221e-08	   8.324394e-08
   1.065109e-07	   3.271440e-07
   0.000000e+00	   0.000000e+00
   2.287969e-07	   1.128803e-07
   5.857379e-07	   3.860577e-07
   2.795556e-07	   3.231244e-07
   2.285667e-08	   3.636228e-07
   1.252661e-07	   4.862546e-07
   1.054707e-07	   5.890349e-07
   1.418328e-07	   1.162966e-07
   6.764810e-07	   5.311408e-07
   4.478448e-07	   2.490457e-07
   6.271230e-07	   8.796843e-08
   1.643387e-07	   1.210114e-08
   2.310067e-07	   1.108586e-07
   8.881711e-07	   2.676841e-07
   2.346847e-08	   5.416406e-07
   8.887269e-07	   1.187298e-07
   3.558900e-07	   5.654941e-07
   6.605826e-07	   4.320970e-07
   7.550662e-07	   4.608770e-07
   7.020355e-07	   1.640226e-07
   5.644153e-07	   1.441296e-07
   4.053549e-07	   4.634738e-07
   2.882276e-07	   4.924271e-07
   2.766290e-07	   1.134428e-07
   4.343754e-07	   3.005573e-07
   8.255015e-07	   1.247013e-07
   4.050098e-07	   3.586666e-07
   3.467926e-07	   1.474462e-08
   7.155299e-07	   1.904006e-07
   4.671322e-07	   2.227752e-07
   7.758597e-07	   1.660130e-07
   5.982205e-07	   7.392719e-08
   0.000000e+00	   0.000000e+00
   1.520422e-07	   4.948379e-09
   1.559393e-08	   1.142832e-07
   7.655117e-07	   4.101947e-07
   2.514559e-07	   1.733916e-07
   3.512315e-07	   6.321269e-07
   1.326152e-07	   4.465057e-07
   6.618550e-07	   3.339086e-08
   1.959067e-07	   2.939354e-07
   8.949557e-08	   6.950985e-08
   1.265896e-07	   4.177652e-07
   1.525695e-07	   1.809410e-07
   2.914862e-07	   4.171836e-07
   2.826695e-07	   3.039336e-08
   2.475001e-07	   1.031462e-07
   2.603703e-07	   1.502248e-07
   1.749446e-07	   4.258478e-07
   1.179565e-07	   3.351444e-07
   1.012205e-07	   1.712111e-07
   1.555312e-07	   1.422473e-07
   5.825121e-07	   2.012843e-07
   3.045869e-09	   3.017018e-07
   5.605753e-07	   3.972284e-07
   2.852500e-08	   4.419432e-07
   3.784829e-07	   3.902750e-07
   6.043899e-07	   1.970048e-07
   5.784652e-07	   1.827348e-07
   2.298285e-07	   3.126786e-07
   5.934885e-07	   5.327474e-07
   4.920335e-07	   4.336628e-07
   1.458551e-07	   2.802922e-08
   8.198390e-07	   2.103107e-07
   0.000000e+00	   0.000000e+00
   6.390324e-07	   4.033318e-07
   4.543732e-07	   2.734120e-07
   4.793553e-07	   4.314278e-07
   6.415415e-07	   4.579683e-07
   8.683613e-07	   4.153579e-07
   1.791054e-08	   2.233920e-07
   1.200610e-07	   1.235136e-07
   1.041953e-07	   3.499530e-07
   9.661412e-07	   2.418398e-07
   4.231598e-07	   5.182140e-07
   6.112776e-07	   3.816632e-07
   3.523431e-07	   4.144806e-07
   6.771200e-07	   5.782755e-07
   4.074331e-07	   2.691869e-07
   5.736137e-07	   4.293710e-08
   1.101469e-06	   3.730299e-07
   8.128074e-07	   6.841435e-07
   7.373210e-07	   1.640961e-07
   8.004996e-07	   2.355621e-10
   9.277281e-07	   3.597037e-08
   1.044291e-06	   9.097956e-08
   1.075376e-06	   6.871404e-07
   9.460680e-07	   1.287184e-07
   5.813635e-07	   4.059644e-07
   1.009207e-06	   3.814623e-07
   1.051148e-06	   2.152460e-08
   6.319066e-07	   3.956594e-07
   7.788369e-07	   3.678593e-07
   3.135445e-07	   9.447310e-08
   2.630004e-07	   7.893906e-08
   5.512591e-07	   2.464994e-07
   0.000000e+00	   0.000000e+00
   7.357656e-07	   3.158242e-07
   4.799884e-07	   1.220479e-07
   2.587183e-07	   5.505955e-07
   4.364126e-09	   5.698735e-07
   7.161013e-07	   9.389498e-08
   1.400373e-07	   3.683822e-07
   3.943047e-07	   2.828683e-07
   3.005491e-07	   1.337308e-07
   2.178987e-07	   2.484525e-07
   1.365670e-07	   3.560727e-07
   4.674176e-07	   2.169551e-07
   4.158815e-07	   1.414387e-07
   3.680945e-07	   6.920114e-07
   2.400432e-07	   3.072620e-07
   3.871064e-08	   6.180659e-08
   1.809004e-07	   7.036249e-08
   2.640000e-07	   1.148892e-07
   3.655351e-07	   9.705426e-08
   5.371282e-07	   4.177495e-08
   1.658342e-07	   2.639448e-08
   4.567679e-07	   8.326301e-08
   3.085191e-07	   1.050025e-07
   5.672787e-07	   6.814798e-08
   2.111973e-07	   5.040293e-08
   4.179931e-07	   2.733897e-07
   1.661202e-07	   4.762379e-07
   6.331475e-07	   2.250145e-08
   3.013762e-07	   4.074822e-07
   3.606102e-07	   6.454714e-07
   5.334641e-07	   6.705380e-07
   2.611657e-07	   4.621155e-07
   0.000000e+00	   0.000000e+00
   1.735592e-07	   3.656593e-07
   1.790297e-07	   4.380111e-07
   6.209433e-08	   1.979148e-07
   6.283391e-07	   3.734079e-07
   5.000676e-07	   1.961910e-07
   2.438157e-07	   3.868996e-07
   6.715207e-07	   1.347276e-07
   3.080330e-08	   2.531756e-07
   1.087765e-07	   4.852654e-08
   1.135575e-07	   3.106248e-07
   5.402668e-07	   2.165392e-07
   4.588912e-08	   3.466709e-07
   4.018370e-07	   2.972632e-07
   2.322264e-07	   3.492521e-07
   3.253299e-07	   4.806837e-07
   4.070623e-08	   8.258410e-08
   1.541967e-07	   2.376776e-07
   6.383719e-08	   1.648047e-07
   6.923688e-07	   4.165094e-08
   7.138990e-07	   5.937839e-07
   2.077297e-07	   6.321513e-07
   3.493899e-07	   6.115722e-08
   1.216944e-07	   3.501380e-08
   6.999148e-07	   3.317130e-07
   2.882223e-08	   5.388005e-08
   2.066115e-07	   2.163956e-07
   3.894266e-07	   2.872543e-07
   5.988184e-07	   3.716815e-07
   1.814663e-07	   4.703196e-08
   3.186883e-07	   4.184066e-07
   1.233011e-08	   3.997014e-07
   0.000000e+00	   0.000000e+00
   4.348424e-07	   3.298970e-07
   2.762884e-07	   2.955098e-07
   3.963104e-07	   9.518774e-08
   4.090222e-07	   2.600425e-07
   3.170867e-07	   2.736310e-07
   3.278485e-07	   4.749301e-08
   7.574216e-08	   3.975175e-07
   5.807538e-08	   5.204021e-07
   1.527297e-07	   3.270529e-07
   2.873029e-07	   1.769829e-07
   1.033124e-07	   1.072989e-07
   1.173622e-07	   9.072796e-08
   8.032527e-08	   2.221755e-07
   7.119979e-08	   2.662180e-07
   5.959976e-08	   4.660646e-07
   1.513315e-08	   3.808642e-07
   1.671047e-08	   1.377810e-08
   3.388833e-08	   4.606127e-07
   3.621297e-08	   4.622292e-07
   6.781432e-09	   5.260028e-07
   1.631057e-08	   1.485218e-07
   2.290345e-08	   5.003272e-07
   5.710535e-08	   3.269985e-07
   4.025096e-08	   4.233162e-07
   2.957566e-09	   3.033648e-07
   2.413686e-08	   3.312619e-07
   1.037229e-08	   1.431655e-07
   7.493482e-08	   2.250317e-07
   4.415275e-08	   5.139908e-07
   3.724480e-08	   1.107941e-07
   8.500836e-08	   8.238837e-08
   0.000000e+00	   0.000000e+00
   3.064538e-08	   3.727969e-07
   4.493194e-08	   6.559457e-08
   5.202007e-08	   2.210977e-07
   5.020501e-08	   9.065589e-08
   4.873929e-08	   3.291196e-07
   4.601519e-08	   4.870273e-08
   2.957201e-08	   1.291873e-07
   2.088569e-09	   9.204852e-08
   4.105062e-09	   6.197191e-07
   7.945374e-08	   3.686833e-07
   3.728788e-08	   4.347368e-07
   1.806169e-08	   8.235872e-07
   5.324518e-08	   4.514349e-07
   6.538363e-08	   4.147196e-07
   8.607788e-08	   7.201408e-07
   3.802968e-08	   2.852392e-07
   6.191294e-08	   2.070962e-07
   8.055619e-08	   4.934010e-07
   1.688792e-08	   6.303214e-08
   1.174284e-08	   1.370989e-08
   1.181635e-08	   3.541106e-07
   2.174399e-08	   4.446195e-09
   1.406414e-08	   6.307318e-08
   1.891601e-08	   5.396511e-07
   2.507136e-08	   3.557198e-07
   6.485227e-08	   6.102687e-07
   6.182271e-08	   2.257198e-07
   4.846760e-08	   3.014812e-07
   5.733763e-08	   8.488392e-07
   4.474114e-07	   7.915332e-07
   3.803596e-07	   1.418408e-07
   0.000000e+00	   0.000000e+00
   4.239498e-07	   3.622282e-07
   2.709638e-07	   1.707574e-07
   1.450848e-08	   5.265639e-07
   1.172794e-07	   3.561179e-07
   3.809351e-08	   7.607896e-07
   5.269309e-07	   6.678978e-07
   3.375936e-07	   9.236385e-08
   4.545013e-07	   1.361359e-07
   3.991504e-07	   2.722057e-07
   2.864514e-07	   3.033566e-08
   2.631708e-07	   2.088411e-07
   5.427082e-07	   2.949758e-07
   3.586555e-08	   4.113526e-07
   4.608169e-07	   1.573157e-07
   2.792640e-07	   4.498132e-07
   6.196488e-08	   3.066102e-07
   4.727124e-07	   4.812063e-07
   5.849370e-08	   1.301774e-07
   3.718691e-07	   6.252546e-07
   3.935770e-07	   5.576764e-07
   4.991903e-08	   7.336134e-07
   3.524681e-07	   4.859229e-08
   1.424484e-07	   6.533626e-07
   4.314907e-07	   3.578666e-07
   6.132959e-08	   2.270470e-07
   4.365725e-08	   2.404360e-07
   3.052922e-07	   3.772873e-07
   3.112583e-07	   6.165774e-07
   2.901452e-07	   9.370070e-07
   1.320396e-07	   2.327683e-07
   5.181772e-07	   6.505918e-07
   0.000000e+00	   0.000000e+00
   4.133263e-07	   4.128287e-07
   5.977504e-07	   7.965273e-07
   4.812611e-07	   4.459047e-08
   7.998746e-09	   3.013812e-07
   1.417288e-07	   4.597350e-07
   2.247743e-07	   4.960024e-07
   9.565375e-08	   3.862607e-07
   4.575395e-07	   1.063143e-07
   2.804019e-07	   7.147093e-07
   3.849440e-07	   2.056687e-08
   3.826906e-07	   1.647933e-07
   7.230337e-08	   3.909041e-08
   5.962934e-07	   3.820974e-07
   3.625169e-08	   4.212906e-08
   4.868306e-07	   4.978749e-08
   2.870166e-07	   4.314398e-07
   1.907339e-07	   1.315831e-07
   3.765580e-07	   2.594820e-07
   1.677280e-07	   2.396105e-07
   2.904522e-07	   2.561098e-07
   7.774271e-08	   2.376973e-07
   7.555980e-08	   1.881934e-07
   6.810315e-07	   7.054426e-07
   5.881368e-07	   7.365761e-07
   2.717737e-07	   3.106987e-07
   1.951681e-07	   5.383509e-07
   2.420962e-07	   3.677832e-07
   5.102349e-07	   9.098520e-07
   2.218933e-07	   3.270022e-08
   9.412355e-08	   1.009304e-06
   5.749382e-07	   6.278042e-07
   0.000000e+00	   0.000000e+00
   2.673448e-07	   2.321524e-07
   2.365561e-07	   2.806020e-07
   1.594513e-07	   1.771222e-07
   9.253068e-08	   1.033853e-06
   1.545335e-07	   7.227568e-07
   1.127249e-07	   3.565901e-07
   2.521488e-07	   1.047945e-06
   2.356231e-07	   6.701733e-07
   9.601541e-08	   3.364782e-07
   4.028153e-07	   1.159895e-06
   3.610441e-07	   1.015155e-06
   1.630062e-07	   1.015897e-06
   1.701917e-08	   1.172470e-07
   1.422640e-07	   5.122013e-07
   3.800015e-07	   1.156276e-06
   7.611615e-07	   1.005641e-06
   2.717605e-07	   9.588594e-08
   5.535438e-08	   6.201598e-07
   1.763404e-07	   4.568026e-07
   6.989257e-07	   7.205810e-07
   6.087697e-07	   3.693818e-07
   2.999974e-08	   5.182447e-07
   7.529545e-08	   1.257327e-07
   5.363205e-07	   3.071545e-07
   7.901403e-07	   2.174480e-08
   7.495167e-07	   3.850777e-07
   4.776056e-07	   3.570535e-07
   3.736793e-08	   2.414469e-08
   5.691220e-07	   3.574490e-07
   1.977118e-08	   4.627224e-07
   4.880675e-07	   3.305418e-07
   0.000000e+00	   0.000000e+00
   7.247160e-07	   5.825690e-07
   5.776600e-07	   3.150518e-08
   6.977251e-07	   3.517968e-07
   6.947746e-08	   6.953359e-07
   1.687947e-07	   3.742019e-08
   4.393146e-08	   3.476159e-07
   7.684722e-07	   2.623273e-07
   8.751561e-08	   3.268767e-07
   3.102906e-07	   3.270560e-09
   1.603404e-07	   1.152668e-07
   3.081715e-07	   1.277939e-08
   1.932625e-07	   4.291328e-07
   1.245398e-07	   9.972535e-08
   4.903022e-07	   1.428834e-07
   5.469434e-08	   4.748605e-07
   4.513879e-07	   4.407516e-07
   8.398645e-08	   2.946765e-07
   5.262368e-07	   4.865778e-07
   2.586238e-07	   9.180316e-08
   1.779714e-07	   1.423434e-07
   3.654489e-07	   5.943718e-07
   1.962005e-07	   3.287125e-07
   3.739621e-07	   3.764865e-07
   1.103815e-07	   3.816880e-07
   4.231041e-07	   1.596158e-07
   1.800590e-07	   1.942480e-07
   3.991556e-07	   4.132987e-07
   5.104580e-08	   5.318888e-07
   1.523681e-07	   4.466466e-07
   3.880518e-08	   3.601125e-07
   4.663184e-07	   2.265411e-07
   0.000000e+00	   0.000000e+00
   7.282127e-07	   3.785773e-07
   4.517081e-07	   1.318270e-07
   1.895223e-07	   4.105791e-07
   1.133248e-07	   4.111015e-07
   5.622138e-07	   8.662819e-08
   1.392938e-08	   4.639146e-07
   3.350386e-07	   4.219326e-07
   3.976792e-07	   8.664771e-08
   1.480161e-07	   3.589486e-08
   6.058075e-07	   5.471362e-07
   6.441429e-07	   5.949863e-07
   2.098780e-07	   2.277815e-07
   3.232040e-07	   5.671475e-07
   1.418378e-07	   5.885144e-07
   1.647657e-07	   3.407732e-07
   2.019448e-07	   1.270013e-07
   1.667127e-07	   3.072125e-07
   2.498158e-07	   6.199237e-07
   9.914170e-08	   8.607570e-07
   2.337656e-07	   7.006189e-09
   3.748334e-07	   2.537686e-07
   1.689252e-07	   5.786183e-07
   3.305774e-07	   4.035870e-08
   2.206592e-07	   5.919785e-07
   3.721858e-07	   3.818934e-07
   1.497233e-08	   4.525384e-07
   1.702119e-07	   8.549797e-07
   1.336947e-07	   5.686038e-07
   1.739610e-07	   7.168494e-07
   2.697380e-07	   2.796164e-07
   3.439688e-07	   3.805306e-07
   0.000000e+00	   0.000000e+00
   2.604369e-07	   2.448928e-07
   5.767892e-09	   1.134678e-07
   2.592709e-07	   7.298503e-07
   9.829637e-08	   4.350832e-09
   4.333985e-08	   1.326417e-07
   6.944715e-07	   9.673381e-08
   4.320829e-08	   4.990404e-08
   1.942527e-08	   2.536468e-07
   1.418603e-07	   6.101215e-07
   5.902896e-07	   4.535859e-07
   1.206365e-07	   4.017447e-07
   6.367421e-07	   5.088322e-07
   4.319383e-08	   2.413007e-07
   5.267742e-07	   3.470183e-07
   8.107466e-09	   1.874730e-07
   6.245546e-07	   4.054167e-07
   3.289885e-07	   1.442478e-08
   2.202615e-07	   5.343614e-08
   3.428167e-07	   4.058480e-07
   7.408576e-07	   2.666596e-07
   3.884021e-07	   5.434261e-07
   3.992624e-07	   1.104034e-07
   8.169198e-07	   1.839479e-08
   6.148844e-07	   1.008959e-07
   9.060285e-07	   4.120088e-07
   6.635212e-07	   2.110418e-07
   9.996079e-07	   3.144702e-07
   8.871141e-07	   2.072180e-07
   3.682790e-07	   3.060863e-07
   5.544121e-07	   7.279591e-07
   4.178164e-07	   6.787119e-08
   0.000000e+00	   0.000000e+00
   4.084985e-07	   2.118032e-07
   6.179921e-07	   3.255521e-07
   6.692781e-07	   4.855006e-07
   6.029067e-07	   2.105276e-07
   4.591810e-07	   5.118324e-07
   2.781576e-07	   2.626748e-07
   9.964489e-08	   4.738716e-07
   3.679590e-08	   1.856388e-08
   9.185208e-08	   9.281250e-08
   2.645934e-08	   8.127937e-08
   1.981976e-07	   4.822521e-07
   6.206848e-07	   1.699307e-08
   2.109943e-07	   4.067766e-07
   7.564294e-08	   3.222050e-07
   2.524465e-07	   2.571854e-08
   7.789698e-07	   4.414282e-07
   6.244512e-07	   8.382241e-08
   1.738624e-07	   6.456329e-07
   5.569301e-07	   5.532767e-07
   7.174180e-07	   7.668832e-07
   3.440888e-07	   2.784382e-07
   5.409488e-07	   2.158358e-07
   2.760843e-07	   6.391386e-07
   6.528742e-07	   5.408744e-07
   6.390153e-07	   1.847559e-08
   2.697226e-07	   8.922638e-08
   6.474353e-07	   9.245245e-07
   3.281632e-07	   4.132353e-07
   5.796471e-07	   7.512172e-07
   2.027855e-07	   9.320614e-07
   3.573893e-07	   5.030047e-08
   0.000000e+00	   0.000000e+00
   2.431892e-07	   6.503263e-08
   4.031691e-07	   2.186532e-07
   5.128317e-07	   5.225996e-07
   6.048120e-07	   2.826116e-08
   3.554372e-07	   7.620392e-07
   2.018887e-07	   8.216540e-07
   3.034249e-08	   2.129088e-07
   3.728642e-07	   6.499890e-08
   2.096875e-07	   4.402955e-07
   4.472640e-07	   3.346074e-07
   2.411760e-07	   1.893369e-07
   2.693429e-07	   2.151806e-09
   5.620864e-07	   1.075790e-07
   8.301105e-08	   4.426025e-07
   7.151572e-08	   1.222991e-07
   1.280559e-07	   4.825445e-07
   3.552954e-07	   6.106556e-08
   4.261240e-07	   3.837093e-07
   5.565255e-08	   1.509650e-07
   2.815318e-07	   5.352144e-07
   9.234868e-09	   3.607303e-07
   2.768337e-07	   5.977677e-07
   9.587079e-09	   1.485236e-07
   1.884679e-07	   3.597443e-07
   2.223073e-07	   1.013729e-07
   2.029921e-07	   3.752408e-07
   2.195643e-07	   5.122320e-08
   4.703215e-08	   1.309040e-07
   3.678087e-08	   5.498532e-07
   6.207849e-07	   1.778488e-07
   8.593592e-08	   1.611542e-08
   0.000000e+00	   0.000000e+00
   1.626564e-07	   6.053552e-08
   5.175206e-07	   1.372689e-07
   6.582655e-08	   1.653665e-07
   2.428768e-07	   7.992321e-08
   4.023432e-07	   8.813895e-07
   4.365730e-07	   3.738310e-07
   3.693059e-07	   6.229453e-07
   2.240215e-07	   4.981271e-07
   2.393895e-08	   9.993966e-07
   2.079832e-07	   9.960945e-07
   6.161453e-07	   4.228402e-07
   3.883412e-07	   2.793436e-07
   1.960111e-07	   4.999822e-07
   6.107146e-08	   1.019072e-06
   5.178446e-09	   7.058235e-07
   4.972730e-08	   5.595459e-07
   2.158526e-07	   5.143716e-07
   5.244281e-07	   5.043728e-07
   6.883722e-08	   4.635631e-07
   5.862516e-07	   3.258960e-07
   3.800106e-07	   2.526855e-08
   3.971733e-07	   5.603227e-07
   6.573082e-07	   7.999707e-07
   1.149848e-07	   6.779394e-07
   1.459485e-07	   1.278978e-07
   1.067065e-07	   1.481367e-07
   2.512342e-07	   6.721226e-07
   1.184782e-07	   5.686558e-07
   1.331673e-07	   8.357736e-07
   2.249063e-07	   3.422319e-07
   9.130487e-08	   8.590446e-08
   0.000000e+00	   0.000000e+00
   5.169529e-07	   1.602982e-08
   4.106022e-07	   6.879124e-08
   7.618669e-07	   9.135837e-08
   5.225238e-07	   1.675676e-08
   7.729125e-07	   2.220365e-07
   4.643398e-07	   3.722412e-07
   6.765688e-07	   3.962207e-07
   3.604342e-07	   5.983369e-07
   5.951246e-07	   9.578009e-08
   3.310015e-07	   1.573931e-07
   6.466801e-07	   3.484079e-07
   4.920472e-07	   4.247841e-07
   9.451464e-07	   1.391959e-07
   9.553883e-07	   4.408531e-07
   5.361298e-07	   1.837017e-07
   7.645593e-07	   8.592522e-08
   5.893693e-07	   7.989696e-08
   2.312788e-08	   9.794970e-08
   1.421747e-07	   7.237653e-08
   9.584918e-07	   6.456843e-08
   3.558141e-07	   3.806699e-07
   4.736670e-07	   1.202250e-07
   2.592932e-07	   7.577142e-07
   7.876236e-07	   1.094876e-07
   5.850636e-08	   5.379742e-07
   9.231330e-07	   6.402069e-07
   5.509843e-07	   2.652671e-07
   1.010911e-07	   5.451127e-07
   4.043981e-08	   4.839600e-07
   7.889418e-08	   1.499617e-07
   6.138838e-07	   6.751249e-07
   0.000000e+00	   0.000000e+00
   2.133616e-07	   3.188172e-07
   2.009165e-07	   6.377115e-07
   2.921796e-08	   3.877190e-08
   5.945673e-07	   4.852586e-07
   4.766296e-08	   1.506458e-07
   1.789147e-07	   4.086698e-07
   2.176045e-07	   3.703900e-07
   7.520138e-08	   4.233818e-07
   2.417653e-07	   4.233804e-07
   3.366573e-07	   3.325200e-07
   7.527594e-07	   3.256965e-07
   5.139340e-08	   3.650879e-07
   5.701406e-08	   3.065284e-07
   1.950558e-08	   3.249742e-07
   1.589827e-07	   2.763021e-07
   5.898562e-07	   3.355025e-07
   1.431450e-07	   2.521276e-07
   6.322882e-07	   3.075633e-07
   6.609616e-08	   2.513964e-07
   1.788372e-07	   2.586780e-07
   3.068031e-07	   1.853874e-07
   3.208733e-07	   2.065997e-07
   2.238522e-07	   1.783191e-07
   1.827758e-08	   1.692814e-07
   2.935803e-07	   1.418714e-07
   3.538700e-07	   1.648417e-07
   1.648135e-07	   9.423484e-08
   2.790122e-07	   1.051751e-07
   6.229619e-07	   5.371683e-08
   1.956081e-07	   4.054261e-08
   4.886859e-08	   1.743655e-08
   0.000000e+00	   1.366644e-13
   4.651621e-08	   1.908348e-08
   1.909590e-07	   4.379726e-08
   6.298342e-07	   5.852768e-08
   2.880169e-07	   1.114787e-07
   1.537832e-07	   1.019563e-07
   3.668036e-07	   1.738955e-07
   2.788798e-07	   1.521620e-07
   3.459549e-08	   1.807041e-07
   2.416261e-07	   1.907611e-07
   3.399310e-07	   2.199404e-07
   3.269634e-07	   1.994998e-07
   1.999106e-07	   2.734295e-07
   4.430561e-08	   2.666500e-07
   6.545947e-07	   3.231780e-07
   1.657627e-07	   2.679602e-07
   6.125779e-07	   3.514079e-07
   1.363647e-07	   2.921349e-07
   4.181272e-08	   3.405894e-07
   7.880549e-08	   3.217826e-07
   3.031885e-08	   3.798403e-07
   7.729210e-07	   3.398098e-07
   3.557166e-07	   3.458617e-07
   2.239897e-07	   4.358234e-07
   9.152106e-08	   4.348056e-07
   2.323068e-07	   3.806817e-07
   1.918501e-07	   4.177246e-07
   3.663104e-08	   1.583682e-07
   6.035735e-07	   4.915629e-07
   2.234447e-08	   3.396043e-08
   2.055664e-07	   6.409665e-07
   2.157145e-07	   3.204642e-07
   0.000000e+00	   0.000000e+00
   6.127073e-07	   6.734778e-07
   8.121930e-08	   1.467065e-07
   3.700278e-08	   4.791482e-07
   1.055947e-07	   5.388077e-07
   5.454676e-07	   2.575437e-07
   9.166643e-07	   6.311506e-07
   6.585891e-08	   5.276806e-07
   7.794620e-07	   1.209139e-07
   2.504033e-07	   7.452682e-07
   4.641348e-07	   1.335702e-07
   3.457303e-07	   3.665525e-07
   9.479511e-07	   4.981144e-08
   1.312751e-07	   8.763592e-08
   1.197009e-08	   1.135706e-07
   5.780557e-07	   9.573599e-08
   7.531935e-07	   1.018373e-07
   5.248157e-07	   1.995413e-07
   9.442296e-07	   4.564753e-07
   9.342455e-07	   1.239347e-07
   4.815049e-07	   4.100247e-07
   6.365942e-07	   3.342877e-07
   3.214670e-07	   1.707415e-07
   5.862321e-07	   1.082295e-07
   3.522700e-07	   6.097668e-07
   6.692136e-07	   3.859233e-07
   4.578685e-07	   3.813011e-07
   7.673934e-07	   2.143096e-07
   5.180180e-07	   2.306485e-08
   7.584281e-07	   9.617273e-08
   4.082757e-07	   7.204826e-08
   5.157757e-07	   1.767787e-08
   0.000000e+00	   0.000000e+00
   9.048080e-08	   9.014252e-08
   2.265349e-07	   3.506079e-07
   1.307597e-07	   8.481554e-07
   1.153235e-07	   5.848800e-07
   2.550987e-07	   6.919968e-07
   1.021751e-07	   1.714411e-07
   1.407979e-07	   1.543866e-07
   1.207022e-07	   7.073433e-07
   6.635359e-07	   8.319990e-07
   4.038510e-07	   5.946655e-07
   3.870749e-07	   6.159905e-08
   5.936360e-07	   3.638730e-07
   6.120130e-08	   5.028336e-07
   5.322451e-07	   5.445742e-07
   2.237788e-07	   5.551348e-07
   5.769017e-08	   6.004978e-07
   1.310516e-08	   7.465895e-07
   6.888944e-08	   1.059279e-06
   2.036485e-07	   5.392604e-07
   3.957276e-07	   3.173307e-07
   6.232119e-07	   4.591828e-07
   2.013027e-07	   1.030451e-06
   3.016958e-08	   1.031440e-06
   2.297420e-07	   5.275467e-07
   3.744595e-07	   6.494499e-07
   4.411074e-07	   3.971508e-07
   4.062104e-07	   9.012784e-07
   2.460341e-07	   9.616043e-08
   6.341690e-08	   1.777590e-07
   5.191508e-07	   1.456528e-07
   1.618315e-07	   6.477782e-08
   0.000000e+00	   0.000000e+00
   8.805724e-08	   4.094628e-09
   6.165923e-07	   1.540907e-07
   4.297859e-08	   5.147328e-07
   3.891096e-08	   8.488389e-08
   2.295127e-07	   5.150941e-09
   1.913266e-07	   3.091364e-07
   2.090477e-07	   2.623478e-08
   2.031870e-07	   2.763359e-07
   6.445992e-09	   5.766949e-08
   2.940257e-07	   5.003469e-07
   2.742206e-08	   4.637910e-07
   3.005435e-07	   4.274815e-07
   7.531197e-08	   3.956164e-08
   4.462498e-07	   4.977552e-07
   3.757027e-07	   5.457564e-08
   1.075539e-07	   3.663667e-07
   9.192486e-08	   2.379509e-07
   6.288162e-08	   3.285357e-07
   5.424216e-07	   3.854981e-09
   2.503242e-07	   1.056206e-07
   2.229805e-07	   8.622890e-08
   4.300626e-07	   4.320819e-07
   2.257309e-07	   5.312081e-07
   3.581343e-07	   1.484685e-07
   1.707186e-08	   2.881091e-07
   2.135649e-07	   8.878192e-07
   3.653956e-07	   8.184703e-07
   5.966819e-07	   1.780967e-08
   5.066266e-07	   5.577620e-07
   3.989711e-07	   2.424419e-07
   2.410650e-07	   7.706999e-08
   0.000000e+00	   0.000000e+00
   3.545567e-07	   6.706011e-08
   2.083840e-07	   8.989369e-07
   5.879231e-07	   7.022504e-07
   3.173185e-07	   3.490707e-07
   6.607202e-07	   8.459226e-07
   2.853005e-07	   2.943366e-09
   6.567223e-07	   1.232424e-07
   6.725305e-07	   4.245748e-07
   2.974955e-07	   5.124556e-07
   5.639079e-07	   7.999476e-08
   3.683773e-07	   1.347313e-07
   7.428079e-07	   6.166598e-07
   5.831854e-07	   3.979331e-07
   1.469840e-07	   4.866026e-07
   6.517058e-07	   2.450791e-07
   8.063513e-07	   2.794212e-07
   2.797043e-07	   1.355569e-07
   1.025275e-07	   4.812721e-07
   2.372587e-07	   2.513789e-07
   6.460864e-07	   1.333000e-07
   2.225001e-07	   6.260422e-07
   3.484325e-09	   2.172149e-07
   7.042350e-08	   3.397328e-08
   1.712142e-08	   1.349713e-07
   1.173704e-07	   5.787477e-07
   2.937536e-07	   3.549513e-07
   4.724827e-07	   5.905343e-07
   6.137665e-07	   2.747813e-07
   6.775666e-07	   5.345411e-07
   6.235997e-07	   3.587303e-07
   4.113360e-07	   1.950144e-07
   0.000000e+00	   0.000000e+00
   4.174617e-07	   8.478032e-08
   5.537109e-07	   6.945388e-07
   3.672425e-07	   2.566816e-07
   8.857559e-07	   2.719571e-07
   9.979441e-07	   2.351637e-07
   6.615702e-07	   3.040390e-07
   9.038108e-07	   3.063003e-07
   6.124225e-07	   1.645046e-08
   8.142382e-07	   1.462194e-07
   3.963869e-07	   2.666339e-08
   3.853601e-07	   3.984209e-07
   7.376776e-07	   1.150773e-07
   3.395282e-07	   2.490975e-07
   2.168949e-07	   2.139085e-07
   3.255747e-07	   1.482961e-07
   6.211250e-07	   5.688964e-07
   1.152166e-08	   3.502164e-07
   5.234067e-07	   5.075349e-07
   3.990400e-08	   8.448529e-08
   6.335603e-07	   6.604982e-07
   1.175924e-07	   5.468499e-07
   5.874117e-07	   5.907661e-07
   1.445445e-07	   7.380696e-07
   1.696075e-08	   1.361710e-07
   4.542870e-08	   5.593577e-08
   6.925178e-07	   1.898593e-07
   4.167355e-08	   2.120686e-07
   9.693596e-08	   6.919710e-08
   2.603092e-07	   7.793437e-07
   6.470372e-09	   1.469526e-07
   2.607924e-07	   2.618369e-07
   0.000000e+00	   0.000000e+00
   3.484721e-07	   3.676132e-07
   2.786387e-07	   2.540854e-07
   1.608030e-07	   6.791070e-07
   1.509368e-07	   5.191462e-07
   1.913340e-07	   7.943926e-07
   9.796311e-09	   3.814915e-07
   3.440313e-07	   3.011346e-07
   2.519136e-07	   5.023279e-07
   2.965319e-07	   1.380156e-07
   2.054327e-07	   4.738994e-07
   3.362112e-07	   1.429837e-07
   2.741402e-07	   1.088049e-07
   5.739017e-08	   7.409960e-07
   2.070725e-07	   4.973180e-07
   1.233701e-07	   1.828877e-07
   2.454900e-07	   2.519072e-07
   1.214162e-07	   2.164288e-07
   9.908107e-08	   4.658700e-07
   3.649753e-07	   4.473299e-07
   2.502780e-07	   1.118972e-07
   6.827957e-07	   4.841138e-07
   6.423496e-07	   4.423180e-07
   1.820993e-07	   6.186999e-08
   4.289730e-07	   3.116203e-09
   3.632331e-07	   5.028061e-07
   3.873712e-08	   5.350736e-07
   5.833726e-07	   1.473205e-07
   9.605000e-08	   4.606528e-07
   2.027073e-07	   4.483990e-07
   4.606285e-07	   1.574144e-07
   7.327267e-07	   3.656293e-07
   0.000000e+00	   0.000000e+00
   4.584414e-07	   2.215511e-07
   2.323625e-08	   3.502498e-07
   1.753838e-07	   4.320665e-07
   8.120583e-08	   5.127829e-07
   3.622083e-07	   4.367042e-07
   1.367326e-07	   2.216946e-07
   3.738547e-07	   1.284171e-07
   5.570903e-08	   4.163221e-07
   3.144066e-07	   3.387590e-07
   1.323377e-07	   2.882565e-07
   4.330116e-07	   5.515718e-07
   2.486000e-07	   9.760132e-08
   3.316619e-07	   4.553470e-08
   4.514631e-07	   4.392099e-07
   8.163639e-09	   2.466439e-07
   5.275658e-07	   4.890091e-07
   2.114175e-08	   4.268195e-07
   5.651021e-07	   1.902679e-07
   5.146326e-08	   1.460182e-07
   2.639407e-07	   4.739063e-07
   3.757935e-07	   5.561685e-08
   2.242704e-07	   7.476818e-08
   2.506620e-07	   4.104433e-08
   3.276648e-08	   3.615595e-07
   8.177993e-07	   2.310794e-07
   8.733379e-08	   3.751106e-07
   1.317761e-07	   1.396950e-08
   9.970098e-08	   7.144820e-07
   7.207933e-07	   3.664102e-07
   5.932672e-07	   2.161831e-08
   7.326137e-07	   5.875721e-07
   0.000000e+00	   0.000000e+00
   4.807164e-07	   3.359032e-07
   3.430080e-08	   4.733193e-07
   5.476425e-07	   3.731147e-07
   9.220805e-09	   3.615992e-09
   4.431239e-07	   3.822022e-07
   7.090814e-07	   4.145686e-07
   7.441768e-07	   5.526759e-08
   4.852954e-07	   3.443689e-07
   1.308783e-07	   1.662712e-07
   8.960300e-08	   5.617155e-07
   5.457128e-07	   4.153715e-07
   6.330068e-07	   7.686579e-07
   1.081723e-07	   5.065200e-07
   1.443415e-08	   6.710590e-07
   2.009923e-07	   1.474997e-07
   6.900614e-07	   1.057497e-06
   3.092198e-07	   1.207899e-06
   7.244898e-08	   5.631199e-07
   8.522611e-08	   1.669927e-07
   2.289752e-07	   1.064010e-06
   4.241610e-07	   1.061188e-06
   3.431441e-07	   1.203415e-06
   1.516721e-07	   3.770706e-07
   1.845205e-07	   7.074443e-07
   2.061067e-07	   1.081525e-06
   1.532370e-07	   3.861370e-07
   1.199798e-07	   7.479580e-07
   1.207420e-07	   1.054429e-06
   1.379187e-07	   1.928267e-07
   2.511244e-07	   2.912272e-07
   2.747168e-07	   2.375291e-07
   0.000000e+00	   0.000000e+00
   5.708990e-07	   6.139415e-07
   1.021073e-07	   9.819045e-07
   2.100906e-07	   7.806097e-09
   4.947683e-07	   8.567714e-07
   2.610437e-07	   3.027563e-07
   1.729490e-07	   4.620959e-07
   2.970307e-07	   2.240179e-07
   5.600982e-07	   6.403491e-07
   6.504882e-07	   6.006197e-07
   4.280716e-08	   7.578792e-08
   1.123934e-07	   1.187777e-07
   2.542287e-07	   3.804273e-07
   1.302682e-07	   3.681707e-07
   4.149085e-07	   1.278650e-07
   2.296229e-07	   1.882363e-09
   3.260883e-07	   2.973477e-07
   4.479337e-07	   8.370480e-08
   2.114204e-09	   8.954087e-08
   5.588110e-07	   2.534595e-07
   3.605065e-08	   1.635080e-07
   4.173761e-07	   2.838325e-07
   3.521518e-07	   1.331081e-07
   2.498157e-07	   8.196798e-07
   4.294559e-07	   2.026961e-07
   1.209565e-07	   4.730985e-07
   2.470381e-07	   5.724108e-07
   1.227393e-07	   5.249059e-07
   2.350269e-08	   3.545900e-07
   4.694275e-07	   8.520281e-08
   5.897441e-07	   8.240045e-07
   4.092748e-07	   4.267332e-07
   0.000000e+00	   0.000000e+00
   5.189205e-07	   6.342866e-07
   1.305704e-07	   2.005404e-07
   2.923172e-07	   8.893632e-07
   3.084121e-07	   5.541434e-07
   3.087791e-07	   3.008016e-07
   4.774619e-08	   1.507432e-07
   6.597760e-08	   1.250907e-07
   4.366507e-07	   2.446814e-07
   1.480693e-07	   5.300660e-07
   3.584956e-07	   8.362400e-08
   5.629586e-08	   5.937346e-07
   4.002433e-07	   4.114475e-07
   3.787629e-07	   4.740345e-07
   6.555150e-08	   2.849935e-07
   4.655554e-07	   3.242154e-07
   5.477430e-08	   1.488814e-07
   2.864224e-07	   2.927894e-07
   4.537561e-07	   3.121966e-07
   2.896737e-08	   5.626675e-07
   5.493801e-07	   4.413270e-07
   2.695543e-07	   6.881595e-08
   2.924865e-07	   1.020464e-07
   3.935213e-07	   1.487287e-07
   4.596699e-07	   2.495106e-07
   3.329369e-07	   1.945121e-07
   5.228334e-07	   7.577783e-07
   3.459864e-08	   8.374513e-07
   1.201328e-07	   4.187086e-07
   1.668639e-08	   5.743372e-07
   2.694902e-07	   2.030796e-07
   4.246955e-07	   3.785846e-07
   0.000000e+00	   0.000000e+00
   3.796138e-07	   1.292101e-07
   4.488856e-07	   7.665680e-07
   5.951692e-08	   8.119319e-07
   5.132341e-08	   2.531166e-07
   6.532128e-08	   1.664699e-07
   6.895496e-08	   5.407877e-07
   2.973501e-08	   2.767385e-07
   2.409331e-08	   4.519710e-07
   1.970397e-08	   3.243996e-08
   1.569615e-08	   9.797687e-08
   5.417987e-09	   2.457512e-07
   1.843168e-08	   9.956882e-08
   2.380508e-08	   5.411331e-08
   8.763786e-08	   3.734695e-07
   6.909411e-08	   8.547960e-08
   4.524462e-08	   1.630509e-07
   9.326059e-08	   5.984982e-07
   7.246832e-08	   2.947370e-07
   6.016676e-08	   3.342145e-07
   2.475624e-08	   7.102118e-07
   4.369307e-08	   3.262619e-07
   8.550932e-08	   2.661292e-07
   9.753308e-09	   5.240633e-07
   3.097562e-09	   4.218890e-09
   3.424462e-08	   2.083201e-07
   5.012663e-08	   1.183319e-07
   5.224607e-08	   2.697307e-07
   5.306814e-08	   1.391443e-07
   5.420540e-08	   2.581073e-07
   4.641048e-08	   9.063436e-08
   3.139358e-08	   3.601257e-07
   0.000000e+00	   0.000000e+00
   8.510492e-08	   7.550828e-08
   3.743566e-08	   1.243929e-07
   4.443491e-08	   4.938871e-07
   7.530457e-08	   2.513765e-07
   9.919318e-09	   1.754397e-07
   2.360567e-08	   3.691091e-07
   3.561385e-09	   2.603427e-07
   4.092128e-08	   4.710767e-07
   5.783556e-08	   3.790259e-07
   2.368649e-08	   5.561185e-07
   1.713899e-08	   8.949695e-08
   7.647461e-09	   4.642983e-07
   3.531738e-08	   5.260401e-07
   3.297144e-08	   3.952843e-07
   1.578069e-08	   5.246828e-08
   1.419900e-08	   3.143064e-07
   5.866979e-08	   3.998041e-07
   7.028251e-08	   2.008617e-07
   7.942911e-08	   2.860272e-07
   1.164954e-07	   2.897073e-08
   1.024831e-07	   4.821105e-08
   2.865189e-07	   2.328456e-07
   1.519984e-07	   2.749478e-07
   5.740392e-08	   4.725601e-07
   7.634714e-08	   3.544128e-07
   3.283809e-07	   8.542101e-08
   3.166326e-07	   2.412811e-07
   4.093929e-07	   2.336302e-07
   3.965933e-07	   1.153473e-07
   2.760970e-07	   2.818704e-07
   4.347455e-07	   3.229949e-07
   0.000000e+00	   0.000000e+00
   1.036804e-08	   4.023659e-07
   3.225664e-07	   4.236732e-07
   1.757331e-07	   5.481780e-08
   6.063314e-07	   3.818843e-07
   3.986306e-07	   2.997535e-07
   2.174047e-07	   2.017381e-07
   1.655322e-08	   3.721843e-08
   7.135351e-07	   3.132163e-07
   1.365315e-07	   5.516289e-08
   3.653004e-07	   3.955046e-08
   2.245623e-07	   6.092922e-07
   7.314957e-07	   5.698872e-07
   7.105661e-07	   6.636339e-08
   8.246729e-08	   1.901049e-07
   1.353048e-07	   2.120220e-07
   2.172561e-08	   5.680795e-08
   3.442257e-07	   4.550227e-07
   2.135885e-07	   3.239413e-07
   4.200458e-07	   3.219912e-07
   2.827766e-08	   3.705877e-07
   5.571170e-07	   1.936563e-07
   9.762710e-08	   2.889909e-07
   1.236353e-07	   6.870519e-08
   4.444641e-08	   2.346480e-07
   6.838129e-07	   1.180346e-07
   2.329998e-07	   4.015878e-07
   5.092928e-07	   2.087190e-07
   6.358710e-07	   3.836364e-07
   6.784316e-08	   1.901078e-07
   1.751402e-07	   4.327291e-07
   1.715910e-07	   3.629864e-07
   0.000000e+00	   0.000000e+00
   2.591241e-07	   4.627231e-07
   5.294289e-07	   6.717390e-07
   3.665756e-07	   6.472468e-07
   3.091935e-07	   4.098087e-07
   6.235708e-07	   1.965125e-08
   1.548899e-07	   4.795803e-07
   4.052273e-07	   2.695903e-07
   1.970256e-07	   4.618516e-08
   5.518410e-07	   7.274255e-08
   2.919646e-07	   1.099295e-07
   4.392540e-07	   8.847548e-08
   1.841431e-07	   3.184356e-08
   5.560619e-07	   3.613990e-08
   3.461511e-07	   9.128522e-08
   2.443438e-07	   1.090392e-07
   1.611519e-07	   6.448495e-08
   1.905046e-08	   6.765783e-08
   2.594350e-07	   3.130334e-07
   3.491493e-07	   6.976499e-07
   4.342052e-07	   1.468922e-07
   4.849491e-07	   2.117374e-07
   1.199925e-07	   3.511398e-07
   2.024392e-07	   2.438514e-07
   3.147437e-07	   1.379554e-07
   4.070937e-07	   2.790620e-07
   1.512903e-07	   3.650331e-07
   7.256992e-07	   9.103845e-08
   3.472088e-09	   5.722057e-07
   2.646994e-07	   5.523756e-07
   4.840350e-07	   1.208435e-07
   7.378133e-07	   3.152147e-07
   0.000000e+00	   0.000000e+00
   5.520272e-07	   2.456460e-07
   2.645185e-07	   8.062581e-08
   3.157887e-07	   9.197952e-08
   7.817778e-07	   3.711269e-07
   6.355094e-07	   3.996624e-07
   1.055373e-06	   2.621885e-08
   1.014009e-06	   3.867983e-07
   5.866949e-07	   4.118880e-07
   9.518755e-07	   1.351712e-07
   1.081603e-06	   6.940599e-07
   1.050880e-06	   8.365900e-08
   9.346157e-07	   4.362319e-08
   8.076221e-07	   7.678402e-09
   7.446128e-07	   1.559940e-07
   8.202017e-07	   6.923593e-07
   1.108898e-06	   3.812842e-07
   5.810094e-07	   5.115449e-08
   4.147277e-07	   2.610818e-07
   6.842466e-07	   5.861940e-07
   3.592359e-07	   4.221392e-07
   6.178723e-07	   3.889907e-07
   4.293945e-07	   5.251415e-07
   9.719564e-07	   2.353784e-07
   1.095347e-07	   3.558856e-07
   1.248717e-07	   1.288587e-07
   1.367771e-08	   2.280952e-07
   8.719716e-07	   4.113465e-07
   6.444891e-07	   4.612434e-07
   4.816051e-07	   4.289280e-07
   4.558953e-07	   2.751032e-07
   6.398026e-07	   4.041877e-07
   0.000000e+00	   0.000000e+00
   8.160850e-07	   2.079874e-07
   1.532750e-07	   3.262136e-08
   4.810645e-07	   4.268741e-07
   5.791144e-07	   5.238514e-07
   2.122196e-07	   3.017806e-07
   5.578161e-07	   1.955144e-07
   5.809177e-07	   1.824780e-07
   3.524260e-07	   3.741486e-07
   5.690925e-08	   4.243764e-07
   5.301381e-07	   3.783911e-07
   2.915481e-08	   2.817731e-07
   5.488502e-07	   1.804512e-07
   1.207209e-07	   1.207035e-07
   1.368580e-07	   1.491553e-07
   1.540940e-07	   3.127792e-07
   1.386379e-07	   4.483177e-07
   2.965141e-07	   1.278557e-07
   2.831499e-07	   1.252096e-07
   2.478411e-07	   5.194841e-08
   2.578009e-07	   3.963360e-07
   1.847981e-07	   1.609949e-07
   9.612074e-08	   3.989082e-07
   6.107685e-08	   5.192172e-08
   2.219997e-07	   2.777866e-07
   6.853639e-07	   1.884141e-08
   1.533002e-07	   4.337039e-07
   3.335890e-07	   6.430457e-07
   2.658598e-07	   1.644771e-07
   7.765055e-07	   4.169987e-07
   2.303190e-08	   1.188865e-07
   1.558060e-07	   2.618983e-09
   0.000000e+00	   0.000000e+00
   5.942966e-07	   7.086169e-08
   7.681042e-07	   1.599540e-07
   4.556672e-07	   2.138182e-07
   7.005061e-07	   1.786632e-07
   3.283879e-07	   3.659755e-10
   3.834277e-07	   3.755276e-07
   8.009691e-07	   1.055353e-07
   4.071418e-07	   2.792809e-07
   2.469631e-07	   9.026632e-08
   2.564164e-07	   5.172796e-07
   3.717009e-07	   4.897660e-07
   5.292344e-07	   1.166446e-07
   6.656547e-07	   1.356001e-07
   7.178213e-07	   4.899746e-07
   6.228155e-07	   4.025914e-07
   3.179465e-07	   5.358507e-07
   8.509540e-07	   1.482399e-07
   6.072480e-08	   5.125341e-07
   8.517736e-07	   2.392486e-07
   1.958042e-07	   8.335665e-08
   1.306588e-07	   1.421127e-08
   5.952825e-07	   1.128439e-07
   4.181469e-07	   2.722471e-07
   6.492137e-07	   5.524434e-07
   1.172663e-07	   9.710404e-08
   1.270861e-07	   6.059219e-07
   1.437019e-07	   5.006576e-07
   7.805176e-09	   3.518639e-07
   2.680676e-07	   3.320994e-07
   5.779657e-07	   3.921297e-07
   2.327298e-07	   1.098078e-07
   0.000000e+00	   0.000000e+00
   1.093381e-07	   3.289878e-07
   3.428006e-08	   7.959969e-08
   2.830497e-07	   1.775312e-07
   2.114846e-07	   2.831666e-08
   3.489313e-07	   3.042321e-07
   7.219801e-08	   3.559044e-07
   4.364406e-07	   1.505992e-07
   2.732678e-07	   4.648565e-07
   6.385229e-07	   4.323300e-08
   3.641987e-07	   2.381854e-07
   5.068320e-07	   3.138049e-07
   1.011904e-07	   1.177400e-07
   7.098022e-07	   4.161851e-07
   6.603109e-07	   2.419250e-07
   3.043084e-07	   5.385941e-07
   1.310684e-08	   2.605749e-07
   3.675438e-07	   5.877005e-07
   3.287369e-07	   4.747751e-07
   7.028596e-08	   1.052882e-08
   3.988762e-07	   3.126849e-07
   6.043142e-07	   3.998474e-07
   6.341701e-07	   3.194686e-07
   4.363064e-07	   1.403354e-07
   4.112022e-08	   6.849018e-08
   2.636354e-07	   2.376729e-07
   1.861657e-07	   2.976059e-07
   3.244828e-07	   1.784123e-07
   2.054652e-07	   1.900529e-07
   4.930704e-07	   2.353642e-07
   6.076437e-07	   2.705553e-07
   8.851047e-08	   1.554206e-07
   0.000000e+00	   0.000000e+00
   2.889935e-07	   4.466778e-07
   2.027419e-07	   4.549169e-07
   7.042409e-07	   9.651268e-08
   3.799126e-07	   5.564839e-07
   1.609778e-07	   3.176789e-07
   1.997377e-07	   2.284761e-07
   6.552016e-07	   2.160681e-07
   4.441805e-08	   2.073986e-07
   5.494817e-07	   1.291647e-07
   1.043072e-07	   9.218211e-08
   2.660318e-07	   5.304332e-07
   5.007176e-07	   1.450973e-07
   5.546316e-07	   1.248500e-07
   3.829795e-07	   5.704414e-07
   5.870709e-08	   3.631965e-07
   3.001908e-07	   3.433619e-07
   3.012151e-07	   3.856161e-07
   9.911914e-08	   3.118781e-07
   1.709686e-07	   4.050762e-07
   4.616348e-08	   2.309395e-07
   3.220439e-07	   2.046350e-07
   1.185020e-07	   2.499831e-07
   4.165528e-07	   2.905821e-07
   5.966839e-08	   2.498085e-07
   1.219772e-07	   5.082020e-08
   5.628429e-07	   3.834428e-07
   2.265918e-07	   1.487860e-08
   1.885395e-07	   3.624602e-08
   4.090750e-07	   5.252461e-07
   2.666022e-07	   4.442550e-07
   3.536032e-07	   1.287629e-07
   0.000000e+00	   0.000000e+00
   2.475479e-07	   2.050043e-07
   6.862102e-07	   4.488964e-07
   5.323086e-07	   1.909506e-07
   3.692487e-07	   1.859515e-07
   1.601990e-07	   5.430367e-07
   1.313141e-07	   1.562585e-07
   5.745744e-07	   3.994476e-07
   1.019627e-08	   5.800155e-08
   3.721653e-07	   1.528768e-08
   5.094702e-07	   3.514473e-07
   3.874442e-07	   3.064414e-08
   2.821219e-08	   2.494691e-07
   3.448240e-07	   2.763200e-08
   3.568232e-07	   3.963910e-07
   2.540826e-08	   4.862598e-07
   2.816946e-07	   3.230887e-07
   1.293835e-07	   1.182966e-08
   6.020557e-07	   6.794462e-07
   5.516256e-07	   2.456611e-07
   5.322699e-08	   1.149365e-07
   9.897451e-07	   7.962377e-07
   3.003172e-07	   8.281936e-07
   8.153831e-08	   6.313920e-08
   3.037281e-07	   8.168739e-07
   9.375887e-07	   1.780840e-07
   8.374155e-07	   5.112209e-07
   2.543505e-08	   7.342247e-07
   5.545101e-07	   5.739508e-07
   3.158039e-07	   1.135780e-07
   3.479055e-07	   5.533779e-07
   6.238357e-07	   2.569968e-07
   0.000000e+00	   0.000000e+00
   6.867753e-07	   2.928561e-07
   4.217339e-07	   7.038827e-07
   2.964508e-07	   2.000383e-07
   2.858890e-07	   1.742675e-08
   3.654064e-07	   1.358373e-07
   5.107575e-07	   3.728858e-07
   6.980944e-07	   3.418310e-07
   2.132986e-07	   3.137604e-07
   1.196937e-08	   5.614822e-07
   1.621977e-07	   4.862645e-07
   2.869548e-07	   1.731671e-07
   3.404570e-07	   2.926223e-07
   3.012627e-07	   2.916208e-07
   1.483346e-07	   2.234628e-07
   1.389593e-07	   4.825327e-07
   5.366475e-07	   2.603778e-07
   7.962350e-08	   3.133017e-07
   2.278260e-07	   3.903337e-07
   3.224984e-07	   6.470189e-07
   1.857977e-07	   3.706278e-07
   2.004630e-07	   5.925440e-07
   2.635792e-07	   1.088623e-07
   6.746978e-07	   4.919468e-08
   7.969491e-07	   3.190212e-08
   1.196542e-07	   2.655825e-07
   8.943351e-07	   5.651790e-07
   9.012837e-07	   8.439312e-07
   1.557492e-07	   1.027794e-07
   9.081427e-07	   1.263802e-07
   9.373986e-07	   6.861603e-07
   2.575350e-07	   1.214143e-08
   0.000000e+00	   0.000000e+00
   1.780449e-07	   5.625210e-07
   8.045069e-07	   4.945351e-07
   7.739206e-07	   8.265178e-07
   9.825211e-08	   3.531241e-07
   1.024903e-06	   1.047227e-07
   2.113006e-07	   1.111680e-06
   1.021993e-06	   1.050501e-06
   1.231465e-06	   6.160273e-07
   8.496420e-07	   6.148780e-07
   1.004028e-06	   6.238719e-07
   5.857724e-07	   6.669638e-07
   7.215915e-07	   6.562631e-07
   3.017991e-07	   6.156388e-07
   4.523273e-07	   6.807252e-07
   1.180703e-06	   6.517147e-07
   2.579491e-07	   6.641783e-07
   1.044915e-06	   6.300475e-07
   1.937484e-07	   5.730373e-07
   1.064554e-06	   6.286448e-07
   3.086394e-07	   5.969315e-07
   1.672761e-07	   5.015532e-07
   6.452090e-07	   4.779660e-07
   6.286910e-07	   4.380009e-07
   1.216710e-07	   4.052924e-07
   2.458223e-07	   4.034744e-07
   1.137735e-07	   3.443733e-07
   1.638011e-07	   2.516321e-07
   3.713903e-08	   2.607168e-07
   4.035751e-07	   1.716726e-07
   3.695049e-07	   1.311797e-07
   1.380415e-07	   7.349802e-08
   0.000000e+00	   1.152191e-12
   3.339128e-07	   7.672498e-08
